10
   0  107  241  190  124   80  316   76  152  157
 107    0  148  137   88  127  336  183  134   95
 241  148    0  374  171  259  509  317  217  232 
 190  137  374    0  202  234  222  192  248   42 
 124   88  171  202    0   61  392  202   46  160
  80  127  259  234   61    0  386  141   72  167
 316  336  509  222  392  386    0  233  438  254
  76  183  317  192  202  141  233    0  213  188
 152  134  217  248   46   72  438  213    0  206
 157   95  232   42  160  167  254  188  206    0

