7
   0  666  281  396  291  326  641
 666    0  649 1047  945  978   45
 281  649    0  604  509  543  611
 396 1047  604    0  104   70 1026
 291  945  509  104    0   35  924 
 326  978  543   70   35    0  957
 641   45  611 1026  924  957    0 
