10
   0  666  281  396  291  326  641  427  600  561
 666    0  649 1047  945  978   45  956 1135 1133
 281  649    0  604  509  543  611  308  486  487
 396 1047  604    0  104   70 1026  525  611  534
 291  945  509  104    0   35  924  471  584  513
 326  978  543   70   35    0  957  492  596  523
 641   45  611 1026  924  957    0  918 1096 1096
 427  956  308  525  471  492  918    0  183  180
 600 1135  486  611  584  596 1096  183    0   83
 561 1133  487  534  513  523 1096  180   83    0
