10
0   75   89   88   83  103  178  129  197  173
75    0   53   68   86   95  114   90  160  139
89   53    0   18   44   45   92   42  112   89
88   68   18    0   27   27  103   42  109   85
83   86   44   27    0   21  128   62  119   96
103   95   45   27   21    0  115   46   98   75
178  114   92  103  128  115    0   69   86   81
129   90   42   42   62   46   69    0   71   49
197  160  112  109  119   98   86   71    0   24
173  139   89   85   96   75   81   49   24    0
